420533529	GYR	-1.0307579	0.95062006	-0.4355771
420533534	ACC	-0.4201559	-0.73019224	8.591216
420533520	ORI	0.4636096	0.034802094	0.35549816	0.81084895
420533539	GYR	-0.84138983	0.54622763	-0.549198
420533544	ACC	-1.2293613	-1.280835	8.770773
420533529	ORI	0.46425828	0.02825745	0.35304123	0.8118052
420533548	GYR	-0.69844747	0.30921206	-0.5699674
420533539	ORI	0.4661463	0.023435658	0.35036814	0.81203485
420533553	ACC	-1.7464867	-1.6423439	9.127494
420533558	GYR	-0.6703477	0.2615646	-0.5296503
420533548	ORI	0.4686194	0.01973972	0.34770104	0.81185603
420533563	ACC	-2.4479575	-2.0972228	9.603919
420533567	GYR	-0.7118865	0.45337614	-0.4196946
420533572	ACC	-3.2404041	-2.4515493	9.769113
420533558	ORI	0.4711031	0.016315384	0.34500036	0.81164676
420533577	GYR	-0.72899073	0.76858234	-0.22421789
420533582	ACC	-3.5660017	-2.398879	9.781083
420533567	ORI	0.47297317	0.012184708	0.34252077	0.81168187
420533586	GYR	-0.66057384	0.94573313	0.054336414
420533591	ACC	-2.8525603	-2.0996168	9.575191
420533577	ORI	0.47367647	0.007056544	0.3406672	0.81211245
420533596	GYR	-0.4687623	0.8822032	0.3646557
420533601	ACC	-1.3873719	-1.6351616	8.852172
420533586	ORI	0.47301918	0.0018302919	0.33948326	0.81301945
420533605	GYR	-0.18409935	0.6671788	0.6444317
420533610	ACC	0.7385879	-1.1874652	7.817922
420533596	ORI	0.47114334	-0.0021589769	0.33889908	0.8143505
420533615	GYR	0.10178534	0.33242494	0.81547385
420533620	ACC	2.4120631	-0.50754106	6.426951
420533605	ORI	0.46831122	-0.004119676	0.33895794	0.81595045
420533624	GYR	0.30337068	-0.09273689	0.8166956
420533629	ACC	3.3242147	0.23941773	5.495646
420533615	ORI	0.465068	-0.00372126	0.3393946	0.8176241
420533639	ACC	3.7623346	1.0079234	5.5171933
420533634	GYR	0.3693441	-0.63396305	0.6688663
420533624	ORI	0.46220714	-0.001109981	0.33975062	0.8191049
420533643	GYR	0.30459243	-1.2558234	0.40497276
420533648	ACC	3.8796456	1.4316788	6.795642
420533634	ORI	0.46057057	0.0035781383	0.3392549	0.8202244
420533653	GYR	0.15065451	-1.7701714	0.068997175
420533658	ACC	3.3074558	1.2904271	9.491397
420533643	ORI	0.46082148	0.010165591	0.33718124	0.8208831
420533662	GYR	-0.015500692	-2.0279562	-0.25964805
420533667	ACC	2.5988026	1.292821	12.919746
420533653	ORI	0.46319494	0.017912298	0.3333143	0.820994
420533672	GYR	-0.091247916	-1.9656482	-0.51254606
420533662	ORI	0.46744853	0.025754008	0.32804933	0.8204951
420533677	ACC	2.050554	1.4891372	15.984194
420533681	GYR	0.019929457	-1.5233821	-0.6970272
420533686	ACC	1.1838902	1.6950297	17.116602
420533672	ORI	0.472808	0.03275731	0.32241055	0.81940895
420533696	ACC	0.032328747	2.451565	15.57959
420533691	GYR	0.32169664	-0.7744619	-0.8399696
420533681	ORI	0.4783508	0.037984446	0.31801984	0.8176803
420533700	GYR	0.6686678	-0.038980808	-0.9279341
420533705	ACC	-0.82236445	3.933512	12.112935
420533691	ORI	0.48336014	0.04071823	0.3164854	0.8151944
420533710	GYR	0.8445968	0.2982165	-0.99390745
420533715	ACC	-1.2628787	5.9613137	8.631915
420533700	ORI	0.4874555	0.041193597	0.3182132	0.8120533
420533719	GYR	0.75541055	0.12106576	-1.127076
420533724	ACC	-1.5597469	7.6778827	6.422162
420533710	ORI	0.49095508	0.040626727	0.32181215	0.8085478
420533729	GYR	0.43287402	-0.47269478	-1.3457656
420533734	ACC	-1.7752159	8.226131	5.9050374
420533719	ORI	0.49483636	0.040316377	0.32510802	0.80487037
420533734	GPS	55.71056	13.210369	121.37219
420533738	GYR	0.013820813	-1.2448277	-1.5852245
420533743	ACC	-2.196577	7.807164	6.9201345
420533729	ORI	0.5002019	0.04117559	0.3261222	0.8010911
420533748	GYR	-0.3319286	-1.9656482	-1.7550449
420533752	ACC	-2.8788953	7.3690443	8.30153
420533738	ORI	0.50763947	0.043593522	0.32383385	0.7972035
420533757	GYR	-0.5286271	-2.548413	-1.8185749
420533762	ACC	-4.06158	7.234975	8.895267
420533748	ORI	0.51697373	0.047603495	0.31842282	0.79314494
420533767	GYR	-0.59948736	-2.9796834	-1.7941402
420533771	ACC	-4.865998	7.491143	9.357327
420533757	ORI	0.52755123	0.053159583	0.31071612	0.7888721
420533776	GYR	-0.623922	-3.3743021	-1.7416059
420533781	ACC	-5.0718904	7.9603863	10.851245
420533767	ORI	0.53868407	0.06007084	0.30161688	0.78437126
420533786	GYR	-0.64346963	-3.5832179	-1.7354972
420533790	ACC	-5.002461	7.5557837	11.500046
420533776	ORI	0.55006886	0.068373404	0.29137644	0.77964675
420533795	GYR	-0.6129264	-3.1947079	-1.7086192
420533800	ACC	-5.2370825	7.292433	10.49213
420533786	ORI	0.5615696	0.07736139	0.28040245	0.7746156
420533805	GYR	-0.60070914	-2.3456059	-1.6194329
420533809	ACC	-5.660838	7.8718047	8.457147
420533795	ORI	0.57232505	0.08498621	0.27042627	0.7694745
420533814	GYR	-0.7118865	-1.4989475	-1.5058122
420533819	ACC	-5.9505243	8.771986	6.4365273
420533805	ORI	0.5814884	0.089601114	0.26278266	0.7647144
420533824	GYR	-0.917137	-0.9003	-1.4227345
420533828	ACC	-6.079806	9.11913	4.8109336
420533814	ORI	0.5889605	0.09095546	0.25721362	0.76071924
420533833	GYR	-1.0869575	-0.61441535	-1.3628697
420533838	ACC	-6.0726233	8.989849	3.4439032
420533824	ORI	0.5952056	0.08968973	0.25275937	0.75749505
420533843	GYR	-1.170035	-0.6730584	-1.289566
420533847	ACC	-6.628054	8.8892975	2.5748456
420533833	ORI	0.60077065	0.086999044	0.24860957	0.7547841
420533852	GYR	-1.1822523	-1.0579032	-1.1392933
420533857	ACC	-7.9088974	8.719316	2.8980486
420533843	ORI	0.6060519	0.084370784	0.24402697	0.75235194
420533862	GYR	-1.0735184	-1.7066414	-0.860739
420533866	ACC	-8.720496	8.570881	3.8389297
420533852	ORI	0.6111734	0.08320681	0.23830685	0.75016904
420533871	GYR	-0.81329006	-2.4690006	-0.45634648
420533876	ACC	-7.9328384	8.592428	5.1532903
420533862	ORI	0.61601657	0.084857635	0.23103201	0.748296
420533881	GYR	-0.49319687	-3.0505438	-0.06050615
420533885	ACC	-6.1205053	9.066461	6.331187
420533871	ORI	0.6201744	0.09032271	0.22227588	0.7468728
420533890	GYR	-0.248851	-3.153169	0.18139628
420533895	ACC	-4.262685	9.6745615	7.7963753
420533881	ORI	0.6233429	0.09924461	0.21263684	0.7459087
420533900	GYR	-0.16455168	-2.7157898	0.26080868
420533904	ACC	-3.0321176	9.344175	9.644619
420533890	ORI	0.625473	0.109636016	0.20328298	0.7452781
420533909	GYR	-0.16332996	-1.7958277	0.2827998
420533914	ACC	-2.5844212	8.841415	11.162478
420533900	ORI	0.62670004	0.11894816	0.1953226	0.74494797
420533919	GYR	-0.0741437	-0.56432444	0.3487732
420533923	ACC	-2.752008	8.297955	11.401888
420533909	ORI	0.62702554	0.12507065	0.1898715	0.7450806
420533928	GYR	0.20074542	0.65618324	0.4758331
420533933	ACC	-3.1494284	8.29556	10.116258
420533919	ORI	0.6260542	0.12714165	0.18820003	0.7459704
420533938	GYR	0.5868119	1.5236112	0.5992277
420533942	ACC	-3.501361	8.283589	8.289559
420533928	ORI	0.6234513	0.12577681	0.19098644	0.74767166
420533947	GYR	0.9313396	1.9096776	0.7079616
420533952	ACC	-3.8317466	8.216556	6.6376314
420533938	ORI	0.619323	0.12257607	0.1977009	0.7498856
420533957	GYR	1.1561378	1.9561034	0.7934827
420533961	ACC	-3.9466636	8.144732	5.3687587
420533947	ORI	0.6141172	0.119106956	0.20678806	0.7522714
420533966	GYR	1.2269981	1.8192697	0.86189955
420533971	ACC	-4.4135127	8.132762	5.2059603
420533957	ORI	0.6082996	0.11618805	0.21681954	0.7546265
420533976	GYR	1.1500292	1.5358285	0.9217643
420533980	ACC	-5.2753882	7.981933	6.8435235
420533966	ORI	0.60221213	0.1140191	0.22669221	0.7569352
420533985	GYR	1.0632864	1.1668662	1.0317199
420533990	ACC	-6.2234516	7.0961165	9.639832
420533976	ORI	0.59621066	0.11265532	0.23543544	0.75921786
420533995	GYR	1.1451422	0.9078595	1.2540747
420533999	ACC	-6.819582	6.3946457	12.402621
420533985	ORI	0.5903828	0.11238361	0.24266142	0.7615336
420534004	GYR	1.4053706	0.7942387	1.5937154
420534009	ACC	-6.357521	6.06426	14.341842
420533995	ORI	0.58428735	0.113374226	0.24909954	0.76400524
420534014	GYR	1.7523417	0.96528083	1.9944428
420534018	ACC	-4.8731794	5.990043	14.705744
420534004	ORI	0.57720506	0.11578031	0.25572598	0.76683336
420534023	GYR	2.062661	1.5126156	2.3548532
420534028	ACC	-3.1542168	6.650814	13.321956
420534014	ORI	0.5683619	0.11899171	0.26360032	0.7702731
420534032	GYR	2.183612	2.2419882	2.5662124
420534037	ACC	-1.5334119	7.8454695	11.026014
420534023	ORI	0.55721724	0.121588975	0.27365336	0.7744927
420534042	GYR	2.0321176	2.946926	2.604086
420534047	ACC	0.02754055	8.807898	8.651069
420534032	ORI	0.5438886	0.12224911	0.28587964	0.77943134
420534051	GYR	1.6778163	3.4270658	2.4977956
420534056	ACC	1.1647375	10.10071	6.7908535
420534042	ORI	0.52898496	0.120107956	0.29936782	0.78493816
420534061	GYR	1.2709804	3.4624958	2.2180195
420534066	ACC	1.1958607	10.871611	6.11093
420534051	ORI	0.5134049	0.115252055	0.31280828	0.7907486
420534070	GYR	0.93744826	2.9554782	1.7757531
420534075	ACC	-0.33636248	10.208446	6.2880926
420534061	ORI	0.49847484	0.10892663	0.3249874	0.7962669
420534080	GYR	0.72975427	2.1137066	1.3261567
420534085	ACC	-2.8334074	8.34823	6.9297113
420534070	ORI	0.4858617	0.10301363	0.33490863	0.8007264
420534089	GYR	0.60880303	1.1998528	1.0805892
420534094	ACC	-4.432666	6.2797294	7.839469
420534080	ORI	0.47649696	0.098939836	0.3422224	0.80376947
420534099	GYR	0.5110647	0.41672426	1.1135758
420534104	ACC	-4.949791	4.5152783	9.132282
420534089	ORI	0.47001502	0.09743805	0.3469778	0.8057283
420534108	GYR	0.44631305	-0.10739765	1.3322654
420534113	ACC	-4.339296	3.203312	10.803363
420534099	ORI	0.46514145	0.098601066	0.34940106	0.8073662
420534118	GYR	0.39622214	-0.26377904	1.6389195
420534123	ACC	-2.5173864	2.6167576	11.653268
420534108	ORI	0.46063456	0.10191333	0.3500742	0.80924505
420534127	GYR	0.33880085	0.039209876	1.934578
420534132	ACC	0.2932855	1.9511983	11.354006
420534118	ORI	0.45540905	0.10623558	0.3497737	0.8117727
420534137	GYR	0.24350595	0.657405	2.0836291
420534142	ACC	2.8358183	1.1372046	9.283111
420534127	ORI	0.44849086	0.10986515	0.3495335	0.81523734
420534146	GYR	0.11033744	1.334243	2.035982
420534151	ACC	4.435076	1.364644	6.331187
420534137	ORI	0.4397479	0.11132894	0.34998208	0.8195976
420534156	GYR	-0.12056942	1.7716223	1.7757531
420534161	ACC	5.8164716	2.4204416	4.085522
420534146	ORI	0.4297524	0.109963365	0.35131258	0.8245001
420534165	GYR	-0.51885325	1.8278219	1.2821745
420534170	ACC	6.929727	2.4635355	3.364898
420534156	ORI	0.41970655	0.10608501	0.35292253	0.8294806
420534175	GYR	-0.9831104	1.6079105	0.59678423
420534180	ACC	6.951274	1.5944775	3.680919
420534165	ORI	0.4112469	0.10046576	0.35349944	0.8341587
420534184	GYR	-1.3875029	1.2890391	-0.17779218
420534189	ACC	5.6321254	0.62726176	5.129349
420534175	ORI	0.40585983	0.09373449	0.3521177	0.83815557
420534194	GYR	-1.6782745	0.8858684	-0.8912822
420534199	ACC	3.6546004	-0.61766964	7.53063
420534184	ORI	0.40431988	0.0861853	0.34872323	0.84112406
420534203	GYR	-1.8004475	0.4387154	-1.4215127
420534208	ACC	1.5669459	-1.6160088	10.003735
420534213	GYR	-1.7161481	0.16993493	-1.7012888
420534194	ORI	0.40670207	0.07839807	0.34350228	0.84288394
420534218	ACC	-0.101740785	-2.1235578	12.065053
420534203	ORI	0.41241604	0.07113849	0.3368719	0.8434273
420534222	GYR	-1.4339286	0.14916553	-1.7599318
420534227	ACC	-1.317943	-2.7172942	12.792859
420534213	ORI	0.42006478	0.06450263	0.3299201	0.842934
420534232	GYR	-1.0234275	0.3812941	-1.632872
420534237	ACC	-2.3330407	-2.8034818	11.930984
420534222	ORI	0.4281795	0.058287796	0.32391432	0.84163195
420534241	GYR	-0.6275872	0.68061787	-1.3848609
420534246	ACC	-2.605968	-2.1474988	10.49213
420534232	ORI	0.43549076	0.052074675	0.31991136	0.8398171
420534251	GYR	-0.3600284	0.77346927	-1.0904241
420534256	ACC	-1.9356204	-1.6543144	9.1059475
420534241	ORI	0.44128343	0.045786243	0.31813133	0.8378335
420534260	GYR	-0.19753838	0.7526999	-0.8069829
420534265	ACC	-0.884611	-0.991149	7.9663563
420534251	ORI	0.44555578	0.040127322	0.31771144	0.83601993
420534270	GYR	-0.11690423	0.58165777	-0.6334973
420534275	ACC	-0.13525817	0.114924595	7.336708
420534260	ORI	0.44849277	0.035384458	0.31794742	0.83457273
420534279	GYR	-0.11446077	0.18337394	-0.59440196
420534284	ACC	0.22385664	0.7804841	7.2696733
420534270	ORI	0.45074236	0.031847414	0.31819925	0.83340645
420534289	GYR	-0.16455168	-0.3028744	-0.6677057
420534293	ACC	0.032328747	1.1539634	7.985509
420534279	ORI	0.45320463	0.030031715	0.3177074	0.83232546
420534298	GYR	-0.2317468	-0.80989206	-0.77033097
420534303	ACC	-0.43212643	1.36225	9.364511
420534289	ORI	0.4565792	0.02996193	0.31602642	0.83112276
420534308	GYR	-0.26595524	-1.2912534	-0.8448565
420534312	ACC	-0.7050537	1.094111	11.861555
420534298	ORI	0.46113193	0.03158977	0.3129817	0.8296999
420534317	GYR	-0.2024253	-1.6651027	-0.874178
420534322	ACC	-1.0330453	1.0653818	14.171861
420534308	ORI	0.46677005	0.034900248	0.3086917	0.82802
420534327	GYR	0.010155625	-1.7701714	-0.8436347
420534331	ACC	-1.2868197	1.5944775	15.050494
420534317	ORI	0.47321576	0.039754417	0.30362496	0.8260135
420534336	GYR	0.315588	-1.640668	-0.7739962
420534341	ACC	-1.0378335	2.5856345	14.566886
420534327	ORI	0.4797707	0.045511242	0.29897907	0.82362634
420534346	GYR	0.61124647	-1.3951005	-0.6994707
420534350	ACC	-0.3315743	4.196863	12.7761
420534336	ORI	0.48577917	0.05153647	0.29577953	0.82090014
420534355	GYR	0.7908407	-1.1947368	-0.7080228
420534360	ACC	0.3507439	6.2988815	10.599864
420534346	ORI	0.49089536	0.057421945	0.2943635	0.8179698
420534369	ACC	0.8439282	7.716188	9.666166
420534365	GYR	0.7138718	-1.2130628	-0.90105605
420534355	ORI	0.49535453	0.06301972	0.29432282	0.8148782
420534374	GYR	0.40599597	-1.379218	-1.307892
420534379	ACC	0.6524003	8.077697	10.006128
420534365	ORI	0.5001697	0.068333335	0.29428396	0.81151575
420534384	GYR	0.07368556	-1.5771382	-1.835679
420534388	ACC	-0.6332307	7.6156363	10.329331
420534374	ORI	0.5066006	0.07305521	0.29294518	0.8075902
420534393	GYR	-0.13523017	-1.704198	-2.2718363
420534398	ACC	-1.8159156	7.031476	9.864876
420534384	ORI	0.51539105	0.07698946	0.29003453	0.8026984
420534403	GYR	-0.2818377	-1.7591759	-2.4929693
420534407	ACC	-2.7783432	6.844736	9.120311
420534393	ORI	0.5261835	0.080168374	0.28614765	0.7967581
420534412	GYR	-0.45043638	-1.7518455	-2.5491688
420534417	ACC	-4.006516	6.906983	8.524181
420534403	ORI	0.53795564	0.08276106	0.28165537	0.7902054
420534422	GYR	-0.59948736	-1.6932025	-2.4856389
420534426	ACC	-5.0168257	7.2469454	7.602453
420534412	ORI	0.549908	0.08472	0.27661413	0.783523
420534431	GYR	-0.70089096	-1.6699896	-2.3194838
420534436	ACC	-6.046288	8.001086	6.6136904
420534422	ORI	0.5615041	0.08603849	0.27121994	0.77701366
420534441	GYR	-0.7949641	-1.8043798	-2.0946856
420534445	ACC	-6.7333946	8.776774	5.823638
420534431	ORI	0.57232606	0.08712597	0.26556024	0.7709278
420534450	GYR	-0.87926346	-1.9913045	-1.8576702
420534455	ACC	-7.4420476	9.277141	5.1700487
420534441	ORI	0.5823115	0.088656634	0.25926325	0.76539916
420534460	GYR	-0.948902	-2.1293597	-1.605994
420534464	ACC	-7.92805	9.811026	5.019221
420534450	ORI	0.5914743	0.09088041	0.25218222	0.7604624
420534469	GYR	-0.99777114	-2.2442024	-1.3225527
420534474	ACC	-7.9256554	10.229992	5.256236
420534460	ORI	0.5997417	0.09365325	0.24446641	0.7561582
420534479	GYR	-0.9831104	-2.2429805	-1.0330029
420534483	ACC	-7.731734	10.522072	5.3328476
420534469	ORI	0.6069829	0.096991375	0.23619935	0.75257844
420534488	GYR	-0.9159153	-2.0426168	-0.7495616
420534493	ACC	-7.724551	10.70163	5.026403
420534479	ORI	0.61304265	0.10069261	0.227871	0.749743
420534498	GYR	-0.8377246	-1.7274109	-0.44535092
420534502	ACC	-7.4803534	11.644904	4.925851
420534488	ORI	0.6177248	0.10420074	0.22023451	0.74769986
420534507	GYR	-0.8010728	-1.3767745	-0.1460272
420534512	ACC	-6.7429705	12.353558	5.4717054
420534498	ORI	0.62086445	0.10714237	0.2136841	0.7465835
420534517	GYR	-0.76319915	-0.977269	0.10809252
420534521	ACC	-5.701538	12.193153	6.285699
420534507	ORI	0.6224131	0.10931564	0.20822816	0.74652064
420534526	GYR	-0.61659163	-0.52278566	0.29501712
420534531	ACC	-4.9976726	11.654481	6.7597303
420534517	ORI	0.62254924	0.11052808	0.20394692	0.74741
420534536	GYR	-0.36369357	-0.15993202	0.44162464
420534540	ACC	-4.6385584	11.252273	7.073357
420534526	ORI	0.6215171	0.1108188	0.20130089	0.74894166
420534545	GYR	-0.052152578	0.06120101	0.5809018
420534550	ACC	-4.7510805	10.373638	7.2792497
420534536	ORI	0.61953956	0.11073796	0.20042019	0.75082594
420534555	GYR	0.29604033	0.1894826	0.73239625
420534559	ACC	-5.2634177	9.111948	7.106875
420534545	ORI	0.61674047	0.11092479	0.2011421	0.75290686
420534564	GYR	0.6784416	0.22735621	0.9486423
420534569	ACC	-5.9792533	8.333866	6.936894
420534555	ORI	0.6132107	0.11175783	0.20330746	0.7550821
420534573	GYR	1.0437387	0.1564959	1.2162011
420534578	ACC	-6.3000627	7.850258	6.855494
420534564	ORI	0.60882056	0.11366648	0.20674814	0.75741184
420534583	GYR	1.3296233	0.07830522	1.4800947
420534588	ACC	-6.0606527	7.316374	6.9704113
420534573	ORI	0.6034461	0.117038205	0.21111585	0.7599901
420534592	GYR	1.5067742	0.1442786	1.7012277
420534597	ACC	-5.438187	7.017112	7.537812
420534583	ORI	0.5970917	0.12170791	0.21609388	0.762871
420534602	GYR	1.5849649	0.3886245	1.8686047
420534607	ACC	-5.1101956	7.0051413	8.325471
420534592	ORI	0.58979595	0.12684195	0.22165838	0.76610667
420534611	GYR	1.5996256	0.72460014	2.002995
420534616	ACC	-5.0718904	6.914165	9.625466
420534602	ORI	0.58158326	0.13149236	0.22793828	0.7697498
420534621	GYR	1.5971822	1.0300325	2.1373854
420534626	ACC	-5.1293483	6.576597	11.083472
420534611	ORI	0.57248884	0.1350914	0.23498778	0.77381366
420534630	GYR	1.638721	1.2890391	2.3120925
420534635	ACC	-4.942609	6.4185867	12.505568
420534621	ORI	0.56259096	0.1376644	0.24261174	0.7782541
420534640	GYR	1.7450114	1.4454205	2.505126
420534645	ACC	-4.116645	6.806431	13.429689
420534630	ORI	0.55178344	0.13952559	0.25076437	0.7830612
420534649	GYR	1.8855103	1.5724803	2.6688375
420534654	ACC	-2.9411418	7.4217143	13.508695
420534640	ORI	0.54001456	0.1412728	0.25938228	0.78812885
420534659	GYR	1.9881356	1.7630701	2.7311459
420534664	ACC	-2.0409606	8.2500725	12.891017
420534649	ORI	0.527251	0.14313892	0.26856223	0.7933423
420534668	GYR	1.9563706	1.9780945	2.639516
420534673	ACC	-1.6339641	9.231653	12.642032
420534659	ORI	0.5136884	0.14469576	0.27842924	0.798539
420534678	GYR	1.7743329	2.1320326	2.4061658
420534683	ACC	-1.3873719	9.437545	12.850317
420534668	ORI	0.49989682	0.14529659	0.28870806	0.8035171
420534687	GYR	1.5336522	2.355609	2.0909595
420534692	ACC	-1.9787143	8.82705	12.981994
420534678	ORI	0.4866428	0.14457285	0.2987807	0.80808884
420534697	GYR	1.308854	2.6097288	1.7708663
420534702	ACC	-3.242798	7.828711	12.771312
420534687	ORI	0.47430253	0.14197293	0.3085339	0.8122116
420534706	GYR	1.1475857	2.744119	1.5533984
420534711	ACC	-4.44703	6.4018283	11.883101
420534697	ORI	0.462983	0.13733067	0.3180564	0.81585974
420534716	GYR	1.0583994	2.7062454	1.532629
420534721	ACC	-4.772628	5.245478	10.477765
420534706	ORI	0.4524968	0.13135186	0.32726893	0.8190778
420534725	GYR	0.98265225	2.4802253	1.6706845
420534730	ACC	-4.087915	4.922275	8.730073
420534716	ORI	0.442292	0.1251727	0.33596727	0.8220922
420534730	GPS	55.710556	13.210373	121.615845
420534735	GYR	0.8592576	2.0550635	1.8343961
420534740	ACC	-2.5772388	5.053951	7.319949
420534725	ORI	0.43190953	0.11989021	0.3437537	0.82517505
420534744	GYR	0.6650026	1.4955114	1.8783784
420534749	ACC	-0.5853487	4.7020183	6.8387356
420534735	ORI	0.421424	0.11632833	0.35010302	0.8284307
420534754	GYR	0.40599597	1.0117065	1.7244406
420534759	ACC	1.6507394	4.0077295	7.0949044
420534744	ORI	0.4114872	0.11475438	0.35455328	0.83174616
420534763	GYR	0.11644609	0.77102584	1.3847997
420534768	ACC	3.4918015	3.2176764	7.2888265
420534754	ORI	0.40285704	0.114454046	0.35701534	0.834953
420534773	GYR	-0.1572213	0.8101212	0.9352033
420534778	ACC	5.1652765	2.3246777	6.666361
420534763	ORI	0.39593595	0.114120975	0.35787022	0.83793795
420534782	GYR	-0.40767583	1.0508019	0.42574218
420534787	ACC	6.110945	1.6686946	5.926584
420534773	ORI	0.39073217	0.11247098	0.35779372	0.8406321
420534792	GYR	-0.6996692	1.2401699	-0.17168353
420534797	ACC	5.97927	0.90976536	5.8619432
420534782	ORI	0.38710558	0.10864047	0.3573466	0.8430006
420534801	GYR	-1.0087668	1.2548307	-0.7996525
420534806	ACC	4.7678556	-0.2729194	6.486803
420534792	ORI	0.38557157	0.10256425	0.35634804	0.84488535
420534811	GYR	-1.2555561	1.2401699	-1.3311048
420534816	ACC	2.728084	-1.3694167	7.6335764
420534801	ORI	0.3867286	0.094783865	0.3543671	0.84609747
420534820	GYR	-1.377729	1.2426134	-1.6707456
420534825	ACC	0.5446659	-2.4084556	8.754014
420534811	ORI	0.39040086	0.0856149	0.35146853	0.8465974
420534830	GYR	-1.3557379	1.2462785	-1.7831447
420534835	ACC	-1.0905037	-3.366095	9.450697
420534820	ORI	0.39583614	0.075482	0.34807128	0.84644115
420534839	GYR	-1.1859175	1.3085868	-1.6560848
420534844	ACC	-1.8183097	-3.9167378	8.952725
420534830	ORI	0.4020595	0.06501616	0.34467262	0.845767
420534849	GYR	-0.89270246	1.4173207	-1.348209
420534853	ACC	-1.5669293	-3.7156336	7.262491
420534839	ORI	0.4078724	0.05469962	0.34192735	0.84482765
420534858	GYR	-0.6080395	1.397773	-1.0061247
420534863	ACC	-0.7050537	-2.9614923	5.208354
420534849	ORI	0.4122552	0.044954028	0.34048265	0.843858
420534868	GYR	-0.42844525	1.2108485	-0.7153532
420534872	ACC	0.77689344	-1.9727294	3.7910478
420534858	ORI	0.41506693	0.03641393	0.34018406	0.84301144
420534877	GYR	-0.3722457	0.878538	-0.5467545
420534882	ACC	2.098436	-1.0629721	3.170976
420534868	ORI	0.41668797	0.029510321	0.3403576	0.8424114
420534887	GYR	-0.397902	0.37640718	-0.5369807
420534891	ACC	3.1542337	-0.18433774	3.2499812
420534877	ORI	0.41781914	0.024437588	0.3401968	0.84207845
420534896	GYR	-0.47975788	-0.18314488	-0.6371625
420534901	ACC	3.6689649	0.62726176	4.265079
420534887	ORI	0.41945234	0.021448743	0.33899957	0.84183073
420534896	ORI	0.42219	0.02047063	0.33639032	0.8415332
420534910	ACC	3.1039577	0.8642775	6.30964
420534906	GYR	-0.6031526	-0.7500273	-0.83141744
420534915	GYR	-0.7021127	-1.3462313	-1.0720981
420534920	ACC	1.6483454	0.5003745	9.508155
420534906	ORI	0.42652205	0.02126737	0.33213234	0.84102005
420534925	GYR	-0.7204386	-1.9448787	-1.249249
420534929	ACC	-0.2669336	0.34236398	13.678676
420534915	ORI	0.43287945	0.023847701	0.3261707	0.8400353
420534925	ORI	0.44117785	0.028405752	0.31869444	0.8384444
420534934	GYR	-0.59948736	-2.330945	-1.2260361
420534939	ACC	-1.68424	0.66796136	17.152514
420534944	GYR	-0.27572906	-2.1061468	-0.9548121
420534948	ACC	-2.0361724	1.2952152	18.313652
420534934	ORI	0.4503044	0.03464834	0.3106191	0.8363858
420534953	GYR	0.20074542	-1.5233821	-0.6005106
420534958	ACC	-1.7393044	3.0189662	17.34883
420534944	ORI	0.4581827	0.04098296	0.3040716	0.83422387
420534963	GYR	0.67233294	-1.0908898	-0.41725114
420534967	ACC	-1.2604847	5.5112233	15.34018
420534953	ORI	0.463708	0.046530917	0.30056992	0.8321463
420534972	GYR	0.9728784	-0.89296967	-0.47955936
420534977	ACC	-0.19750476	8.111215	12.871864
420534963	ORI	0.46750388	0.051718026	0.30002698	0.82990915
420534982	GYR	0.99731296	-0.873422	-0.78865695
420534986	ACC	0.7840758	10.150988	11.370764
420534972	ORI	0.47075555	0.05678506	0.30144015	0.82722336
420534991	GYR	0.73830634	-1.0432423	-1.3689784
420534996	ACC	0.6164889	10.416732	11.655663
420534982	ORI	0.4746571	0.061519906	0.30340835	0.8239292
420535001	GYR	0.3693441	-1.3291271	-2.0433729
420535005	ACC	-0.7792707	8.913238	12.788072
420534991	ORI	0.48072958	0.06561518	0.30436763	0.8197281
420535010	GYR	0.123776466	-1.541708	-2.5467253
420535015	ACC	-2.6155443	7.5079017	13.36026
420535001	ORI	0.4899114	0.0689927	0.30343017	0.8143445
420535020	GYR	0.008933895	-1.7445151	-2.7776322
420535024	ACC	-4.549977	6.9261355	13.434477
420535010	ORI	0.50169766	0.07174147	0.3010272	0.80779654
420535029	GYR	-0.014278964	-1.9448787	-2.7678585
420535034	ACC	-6.1109285	6.310852	12.639637
420535020	ORI	0.5149207	0.07446851	0.29765308	0.800446
420535039	GYR	0.024816375	-2.1318033	-2.5320647
420535043	ACC	-6.8147936	6.461681	11.804096
420535029	ORI	0.5284688	0.07772135	0.29368037	0.792737
420535048	GYR	0.056581344	-2.3260581	-2.1386678
420535053	ACC	-6.216269	7.258916	11.0571375
420535039	ORI	0.5413505	0.081931315	0.28932413	0.7851869
420535058	GYR	0.057803076	-2.3382754	-1.7794795
420535062	ACC	-5.174836	7.826317	9.666166
420535048	ORI	0.5528482	0.08740011	0.28448856	0.77832276
420535067	GYR	0.03947713	-1.9497657	-1.5864463
420535072	ACC	-4.542794	7.859834	7.2864323
420535058	ORI	0.5627304	0.09344648	0.27951556	0.7723169
420535077	GYR	-0.019165881	-1.3584486	-1.5436857
420535081	ACC	-4.5404	8.092061	4.315356
420535067	ORI	0.5710821	0.098363824	0.27547577	0.767009
420535086	GYR	-0.16210823	-0.8770872	-1.569342
420535091	ACC	-4.9234557	8.271619	1.8183103
420535077	ORI	0.5782703	0.10107774	0.27290836	0.76217306
420535096	GYR	-0.40034547	-0.64740205	-1.6047722
420535100	ACC	-5.316088	7.594089	0.18553492
420535086	ORI	0.5847288	0.10164108	0.27136192	0.75770974
420535105	GYR	-0.64346963	-0.6583976	-1.5717854
420535110	ACC	-6.0534706	6.9213476	-0.515936
420535096	ORI	0.59092814	0.10065295	0.2698066	0.75357634
420535115	GYR	-0.82917255	-0.918626	-1.4325083
420535119	ACC	-7.1978498	6.4880157	-0.3100435
420535105	ORI	0.59708345	0.09900923	0.26739547	0.7497921
420535124	GYR	-0.9269109	-1.406096	-1.1380715
420535129	ACC	-8.076484	6.351552	0.7601186
420535115	ORI	0.60317236	0.09785154	0.26354247	0.7464272
420535133	GYR	-0.90614146	-1.930218	-0.70191413
420535138	ACC	-8.157883	5.9206142	2.4575348
420535124	ORI	0.60892457	0.09838555	0.25782362	0.7436788
420535143	GYR	-0.741208	-2.3040671	-0.21077888
420535148	ACC	-7.142785	5.7051454	3.9706051
420535133	ORI	0.6138181	0.10126452	0.25042713	0.7417945
420535152	GYR	-0.48342308	-2.3394973	0.22537854
420535157	ACC	-5.8044844	5.7123275	5.110196
420535143	ORI	0.6174248	0.10647018	0.2421351	0.74082476
420535162	GYR	-0.22930335	-1.9583178	0.5809018
420535167	ACC	-4.1621327	5.844003	5.5938044
420535152	ORI	0.61940616	0.1131004	0.23423083	0.7407295
420535171	GYR	-0.02160934	-1.2179497	0.8570126
420535176	ACC	-2.8022842	6.01159	5.44537
420535162	ORI	0.6195326	0.11961529	0.22797707	0.74155104
420535181	GYR	0.1457676	-0.37495643	1.0488242
420535186	ACC	-2.1989713	6.282123	4.8444514
420535171	ORI	0.6176844	0.12456231	0.22433352	0.7433873
420535190	GYR	0.2752709	0.28355575	1.1612233
420535195	ACC	-2.6275148	6.8567066	4.5140657
420535181	ORI	0.6140664	0.12735067	0.22356115	0.7461398
420535200	GYR	0.3864483	0.5999837	1.2308618
420535205	ACC	-3.2571628	7.6491537	4.6457415
420535190	ORI	0.6091727	0.1283716	0.22511023	0.749503
420535209	GYR	0.46219552	0.657405	1.2858397
420535214	ACC	-3.9586337	8.781562	5.665627
420535200	ORI	0.60354674	0.12864673	0.2280187	0.7531194
420535219	GYR	0.4902953	0.58043605	1.2736224
420535224	ACC	-4.782204	8.925208	7.861016
420535209	ORI	0.5975462	0.1289585	0.23142225	0.75680375
420535228	GYR	0.54649484	0.59754026	1.2467443
420535233	ACC	-5.4932513	8.511029	10.075557
420535219	ORI	0.5916102	0.12957025	0.23478788	0.7603181
420535238	GYR	0.69310236	0.83822095	1.2882831
420535243	ACC	-6.3742795	7.943628	11.765791
420535228	ORI	0.5858608	0.13013776	0.23832761	0.7635648
420535247	GYR	0.9142354	1.1925225	1.4434428
420535252	ACC	-7.2002435	7.7281585	12.577391
420535238	ORI	0.5798005	0.13016756	0.24287646	0.7667456
420535257	GYR	1.1671333	1.5394937	1.7000059
420535262	ACC	-7.59527	7.5150843	12.785677
420535247	ORI	0.5728215	0.12956563	0.24895827	0.7701351
420535266	GYR	1.4200314	1.7985003	2.0420904
420535271	ACC	-7.212214	6.971624	12.225458
420535257	ORI	0.5644246	0.12858756	0.25666577	0.7739592
420535276	GYR	1.6289471	2.0367377	2.431822
420535281	ACC	-6.0271354	7.381015	10.808151
420535266	ORI	0.55430675	0.12769713	0.26569325	0.7783602
420535285	GYR	1.692477	2.2016711	2.7616892
420535290	ACC	-4.7774158	8.522999	9.757142
420535276	ORI	0.54223746	0.12697247	0.2757423	0.78346837
420535295	GYR	1.6081777	2.256649	2.9425051
420535300	ACC	-3.4175675	10.162957	9.398027
420535285	ORI	0.5283577	0.12632991	0.2862013	0.78928304
420535304	GYR	1.4493529	2.2395446	2.9302878
420535309	ACC	-1.9763201	11.300154	9.27114
420535295	ORI	0.51336217	0.12562285	0.2963516	0.79552114
420535314	GYR	1.2575414	2.2090015	2.6981592
420535319	ACC	-1.4424362	11.941772	9.213681
420535304	ORI	0.49809694	0.12468675	0.30583188	0.80176026
420535323	GYR	1.0400735	2.1466932	2.292545
420535328	ACC	-2.0026553	11.573081	9.302263
420535314	ORI	0.48350066	0.12317458	0.31455404	0.80753386
420535333	GYR	0.8238274	1.9732076	1.8527222
420535338	ACC	-2.9986002	9.681744	9.647014
420535323	ORI	0.4704517	0.120813094	0.32245618	0.81246626
420535342	GYR	0.6527853	1.7300835	1.5619506
420535347	ACC	-3.4558733	7.881381	9.587161
420535333	ORI	0.45949295	0.11788396	0.32928196	0.81642085
420535352	GYR	0.48296493	1.4637464	1.4642122
420535357	ACC	-3.5181196	7.1104813	9.790659
420535342	ORI	0.45037085	0.114939384	0.3348613	0.8196481
420535361	GYR	0.26061016	1.1375446	1.473986
420535366	ACC	-2.3067057	6.188753	10.314967
420535352	ORI	0.44231072	0.11243727	0.33908573	0.822642
420535371	GYR	0.04192059	0.92007685	1.4800947
420535376	ACC	-0.38185036	5.068315	10.702811
420535361	ORI	0.43491635	0.110731915	0.34163892	0.8257536
420535380	GYR	-0.13889536	0.8907553	1.370139
420535385	ACC	1.5142758	3.9981527	10.954191
420535371	ORI	0.42793527	0.10950545	0.34269047	0.82912195
420535390	GYR	-0.28428116	0.9713895	1.1270149
420535395	ACC	3.1470513	2.774768	10.216809
420535380	ORI	0.42142987	0.10796752	0.34280878	0.8325996
420535399	GYR	-0.40767583	1.2132919	0.8203607
420535404	ACC	4.585904	2.305525	8.931178
420535390	ORI	0.41571176	0.105544165	0.34244138	0.83592945
420535409	GYR	-0.5774963	1.4368684	0.42207697
420535413	ACC	5.2538576	1.7429117	7.9663563
420535399	ORI	0.41073394	0.10152076	0.34209663	0.8390239
420535418	GYR	-0.8022945	1.5614848	-0.087384194
420535423	ACC	4.8779845	0.8020309	7.408531
420535409	ORI	0.40683112	0.09573035	0.34169775	0.8417641
420535428	GYR	-1.0246493	1.6213496	-0.59806716
420535432	ACC	3.8245814	-0.13884988	6.9464703
420535418	ORI	0.4047442	0.08822518	0.3408573	0.84392816
420535437	GYR	-1.2201259	1.6005801	-0.99757266
420535442	ACC	2.799907	-0.6894925	7.006323
420535428	ORI	0.40475157	0.079186566	0.33940753	0.84540415
420535447	GYR	-1.3667334	1.4026599	-1.2504706
420535451	ACC	1.6004634	-1.4675747	7.9902973
420535437	ORI	0.4065994	0.069118164	0.33724746	0.8462646
420535456	GYR	-1.3875029	1.0300325	-1.375087
420535461	ACC	-0.17356375	-2.7795408	9.19453
420535447	ORI	0.4099455	0.059071384	0.33415195	0.8466391
420535466	GYR	-1.2250129	0.6989438	-1.3469872
420535470	ACC	-1.9140736	-3.7204216	9.996552
420535456	ORI	0.41459793	0.050185814	0.3301569	0.8465142
420535475	GYR	-0.9696714	0.51324093	-1.113637
420535480	ACC	-2.4311986	-3.6677516	10.14738
420535466	ORI	0.41995716	0.04284198	0.32600302	0.8458857
420535485	GYR	-0.72899073	0.476589	-0.7336791
420535489	ACC	-1.5405941	-3.2607548	9.694895
420535475	ORI	0.42489925	0.03696537	0.32237646	0.84508437
420535494	GYR	-0.5286271	0.57921433	-0.3610516
420535499	ACC	-0.2812982	-2.566466	8.75162
420535485	ORI	0.42836273	0.03226513	0.31958643	0.844588
420535504	GYR	-0.3807978	0.6525181	-0.13136646
420535508	ACC	0.9923623	-1.7117728	8.047755
420535494	ORI	0.4299776	0.028204467	0.3177819	0.84459364
420535513	GYR	-0.30260712	0.53156686	-0.102044955
420535518	ACC	1.8662083	-1.0055137	7.535418
420535504	ORI	0.43028766	0.024608096	0.3167634	0.8449307
420535523	GYR	-0.26717696	0.22491275	-0.22788309
420535527	ACC	1.9188784	-0.6296401	7.592877
420535513	ORI	0.4303946	0.021815354	0.31587768	0.8452845
420535532	GYR	-0.2525162	-0.25278348	-0.46367687
420535537	ACC	1.1695256	-0.37107745	8.4906645
420535523	ORI	0.43127212	0.02021726	0.31458074	0.84536064
420535542	GYR	-0.22563815	-0.91251737	-0.7275705
420535546	ACC	0.38665533	-0.0071744397	9.91994
420535532	ORI	0.43376315	0.020226637	0.312413	0.84488964
420535551	GYR	-0.17310378	-1.5661426	-0.93404275
420535556	ACC	-0.09934669	0.3375758	11.6317215
420535542	ORI	0.43837073	0.02249648	0.30900723	0.84370583
420535561	GYR	-0.09246965	-2.0401735	-1.0745416
420535565	ACC	-0.32439196	0.5386801	13.865416
420535551	ORI	0.4448435	0.027139612	0.3044259	0.84184474
420535570	GYR	0.026038107	-2.2869627	-1.1930494
420535575	ACC	-0.74575335	0.7876663	15.57959
420535561	ORI	0.45260584	0.0336115	0.2990906	0.8393825
420535580	GYR	0.21540618	-2.0988164	-1.276127
420535584	ACC	-1.4448302	1.5657483	15.519737
420535570	ORI	0.46122667	0.04113169	0.2935538	0.83630395
420535589	GYR	0.4536434	-1.4329741	-1.3054485
420535594	ACC	-1.5669293	3.2152824	13.89175
420535580	ORI	0.46991572	0.048162207	0.28908163	0.83264124
420535599	GYR	0.6381245	-0.68161047	-1.3408786
420535603	ACC	-1.2102085	4.9629745	11.377947
420535589	ORI	0.47767508	0.05300456	0.28711483	0.8286025
420535608	GYR	0.67355466	-0.31875688	-1.4825993
420535613	ACC	-1.0258629	6.375493	9.747565
420535599	ORI	0.4842088	0.055291496	0.2878226	0.82440454
420535618	GYR	0.53427756	-0.51789874	-1.7745926
420535622	ACC	-1.4855299	7.306797	9.8912115
420535608	ORI	0.4904003	0.056118928	0.28982493	0.81997544
420535627	GYR	0.315588	-1.1678588	-2.132559
420535632	ACC	-2.7137024	6.8806477	11.772973
420535618	ORI	0.49773854	0.057043076	0.29110074	0.8150232
420535637	GYR	0.1873064	-1.8752401	-2.4160004
420535641	ACC	-3.8796284	5.8224564	13.415325
420535627	ORI	0.5073022	0.059451714	0.29015616	0.80927086
420535646	GYR	0.23739731	-2.3382754	-2.4819736
420535651	ACC	-4.2938075	5.504041	13.740922
420535637	ORI	0.5191249	0.06375625	0.2869504	0.80256087
420535656	GYR	0.3497964	-2.5740693	-2.3622441
420535660	ACC	-4.0113044	5.504041	12.661184
420535646	ORI	0.5319855	0.06970989	0.2826155	0.7951481
420535665	GYR	0.4121046	-2.5765128	-2.1337807
420535670	ACC	-3.2308276	5.805698	10.841668
420535656	ORI	0.5446057	0.07692085	0.27797568	0.7875388
420535674	GYR	0.33880085	-2.4799962	-1.917535
420535679	ACC	-2.5748446	6.519139	9.1059475
420535665	ORI	0.5561215	0.084593944	0.27346835	0.7802485
420535684	GYR	0.13232857	-2.2930715	-1.7880316
420535689	ACC	-2.0864487	7.249339	7.126027
420535674	ORI	0.56641585	0.092044905	0.26890203	0.7735584
420535693	GYR	-0.15599957	-1.9131137	-1.763597
420535698	ACC	-1.945197	7.735341	5.2825713
420535684	ORI	0.5757433	0.09847906	0.26411873	0.7675043
420535703	GYR	-0.4809796	-1.4439696	-1.8491181
420535708	ACC	-2.2588236	8.235707	3.8604765
420535693	ORI	0.5843091	0.10283226	0.2594463	0.7620341
420535712	GYR	-0.8157335	-1.0188078	-2.0164948
420535717	ACC	-2.9172008	8.434418	2.8405905
420535703	ORI	0.59250605	0.10451544	0.25507244	0.75693536
420535717	GPS	55.71056	13.21037	121.160706
420535722	GYR	-1.111392	-0.6058633	-2.200976
420535712	ORI	0.60074645	0.103525184	0.25090912	0.7519514
420535727	ACC	-3.7599237	7.996298	2.0433555
420535731	GYR	-1.3068688	-0.23079233	-2.3243706
420535736	ACC	-5.249053	7.5629663	1.5094715
420535722	ORI	0.6091525	0.09995483	0.24705878	0.7469299
420535746	ACC	-7.075751	7.254127	1.4879246
420535741	GYR	-1.3875029	-0.09762382	-2.3390315
420535731	ORI	0.61758083	0.09425679	0.24369243	0.741838
420535750	GYR	-1.3264164	-0.32730898	-2.196089
420535755	ACC	-8.9766655	6.6556025	1.6866349
420535741	ORI	0.62590134	0.087685086	0.24049672	0.73669547
420535760	GYR	-1.1138355	-0.8062269	-1.8564484
420535765	ACC	-10.678869	5.9397674	2.0649025
420535750	ORI	0.63393587	0.08207936	0.23683842	0.73163915
420535769	GYR	-0.7827468	-1.4232002	-1.2712401
420535774	ACC	-11.454557	5.97089	2.608363
420535760	ORI	0.64127773	0.078954585	0.2323918	0.72699594
420535779	GYR	-0.40034547	-2.060943	-0.48811147
420535784	ACC	-10.425096	6.6627846	3.1781585
420535769	ORI	0.64722276	0.07941474	0.22701769	0.72336644
420535788	GYR	-0.04115701	-2.5007656	0.31700826
420535793	ACC	-7.7772217	7.632395	3.5013618
420535779	ORI	0.651002	0.08399686	0.22072542	0.7214023
420535798	GYR	0.21418445	-2.5496347	0.89244276
420535803	ACC	-5.3328466	8.400901	3.9107525
420535788	ORI	0.65220356	0.092139445	0.2139284	0.7213706
420535807	GYR	0.30947936	-2.218546	1.1380104
420535812	ACC	-3.86287	8.870144	4.571524
420535798	ORI	0.65113974	0.10208155	0.20746316	0.72287995
420535817	GYR	0.27771437	-1.5514818	1.1685536
420535822	ACC	-3.305045	9.296293	5.634504
420535807	ORI	0.6486596	0.111653656	0.2020833	0.72521484
420535826	GYR	0.1873064	-0.68038875	1.0989151
420535831	ACC	-3.573184	9.583585	7.0158987
420535817	ORI	0.64534026	0.118989855	0.19852214	0.7279878
420535836	GYR	0.123776466	0.16993493	0.99140286
420535841	ACC	-5.055131	9.700896	8.667828
420535826	ORI	0.6414586	0.123016246	0.1972939	0.7310766
420535845	GYR	0.18974985	0.7441478	0.9193208
420535850	ACC	-7.0494156	9.5045805	10.511283
420535836	ORI	0.63722974	0.12375821	0.19846432	0.7343256
420535855	GYR	0.43165228	0.99215883	0.97429866
420535860	ACC	-8.823443	8.913238	12.084207
420535845	ORI	0.6327868	0.12247198	0.20166114	0.73750544
420535864	GYR	0.83482295	1.0654626	1.1673319
420535869	ACC	-10.192867	7.5821185	13.192674
420535855	ORI	0.6279496	0.12087437	0.20641872	0.74058086
420535879	ACC	-10.932644	6.4832277	14.049761
420535874	GYR	1.2941933	1.0947841	1.4935336
420535864	ORI	0.6223313	0.120192446	0.21264645	0.74366593
420535883	GYR	1.6827033	1.194966	1.9919993
420535888	ACC	-10.578317	5.6452928	14.665044
420535874	ORI	0.6155122	0.12088493	0.22024697	0.7470092
420535893	GYR	1.9905789	1.5150591	2.62119
420535898	ACC	-8.701344	5.295755	14.210165
420535883	ORI	0.60676616	0.12274002	0.22904949	0.75120306
420535902	GYR	2.2214859	1.9854249	3.2015116
420535907	ACC	-6.089382	5.7075396	12.9269285
420535893	ORI	0.59529334	0.12499471	0.23925538	0.75680846
420535912	GYR	2.3265545	2.4118085	3.557035
420535917	ACC	-3.4391143	6.837554	10.877581
420535902	ORI	0.5808563	0.1269996	0.25100574	0.76385415
420535921	GYR	2.2862375	2.7477841	3.6315603
420535926	ACC	-0.97079855	8.353019	8.641492
420535912	ORI	0.564101	0.12838401	0.26388404	0.77179843
420535931	GYR	2.0516653	2.9860215	3.4324186
420535936	ACC	0.9133571	9.80863	7.035052
420535921	ORI	0.5460223	0.12874776	0.27736303	0.77997017
420535940	GYR	1.606956	3.028782	2.9974828
420535945	ACC	1.9500018	10.404761	7.1715155
420535931	ORI	0.52777183	0.12756105	0.29067612	0.78784037
420535950	GYR	1.082834	2.8943918	2.436709
420535940	ORI	0.5107094	0.12463468	0.30266494	0.79500693
420535954	ACC	1.8518437	10.285056	8.560092
420535959	GYR	0.6454549	2.7160192	1.8282875
420535964	ACC	0.25976813	9.289111	10.393972
420535950	ORI	0.49592215	0.1201748	0.3125192	0.80121845
420535969	GYR	0.40966114	2.5437553	1.266292
420535973	ACC	-2.050537	7.3139796	11.84719
420535959	ORI	0.4839132	0.11439813	0.320405	0.80627644
420535978	GYR	0.34246603	2.3678262	0.86189955
420535983	ACC	-3.8963873	5.173655	12.754553
420535969	ORI	0.4746805	0.10770212	0.3270529	0.8100093
420535988	GYR	0.33635738	2.288414	0.6933009
420535992	ACC	-4.7798095	3.423569	12.905382
420535978	ORI	0.46771348	0.10066768	0.3330069	0.8125371
420535997	GYR	0.33024874	2.382487	0.76293945
420536002	ACC	-3.8892047	0.8451247	11.543139
420535988	ORI	0.46189013	0.09347687	0.3386168	0.8144067
420536007	GYR	0.32536182	2.7147975	1.0292765
420536011	ACC	-1.7943686	0.22744724	8.416447
420535997	ORI	0.45584697	0.085930735	0.3442089	0.81629634
420536016	GYR	0.19708024	3.000682	1.2687354
420536021	ACC	0.19033927	1.1252342	5.852367
420536007	ORI	0.4482408	0.07754996	0.35019726	0.81879675
420536026	GYR	-0.11079559	2.784436	1.2956135
420536030	ACC	2.1654708	1.3718263	4.6409526
420536016	ORI	0.43885118	0.06832136	0.35625273	0.8220863
420536035	GYR	-0.44799292	2.1894538	1.103802
420536040	ACC	3.891616	1.2832447	4.669682
420536026	ORI	0.42928594	0.059484933	0.3607716	0.8258444
420536045	GYR	-0.7204386	1.4441987	0.6981878
420536049	ACC	4.9976892	1.3694323	5.577046
420536035	ORI	0.42120993	0.052098006	0.36279085	0.8296088
420536054	GYR	-0.9183588	0.7111611	0.13008364
420536059	ACC	5.2682223	1.4484376	6.9919577
420536045	ORI	0.41586015	0.04652037	0.36223507	0.8328757
420536064	GYR	-1.0637445	0.17482184	-0.5259851
420536068	ACC	4.3991647	1.1060815	8.86175
420536054	ORI	0.41395834	0.042560782	0.3594481	0.835239
420536073	GYR	-1.1590395	-0.06585885	-1.1307411
420536078	ACC	2.754419	0.14365378	10.963768
420536064	ORI	0.4156273	0.039358992	0.35503572	0.8364535
420536083	GYR	-1.1688133	-0.09273689	-1.5986636
420536087	ACC	0.44171962	-1.0246664	12.95087
420536073	ORI	0.42032743	0.03585787	0.34973007	0.8364974
420536092	GYR	-1.0515273	0.12717439	-1.8478963
420536097	ACC	-1.945197	-2.0804641	13.748104
420536083	ORI	0.42728007	0.03155261	0.34421733	0.8354344
420536102	GYR	-0.79740757	0.65862674	-1.7807013
420536106	ACC	-3.429538	-2.4754903	12.792859
420536092	ORI	0.43525708	0.026036678	0.33947876	0.83344316
420536111	GYR	-0.48831	1.2780435	-1.4373952
420536116	ACC	-3.872446	-2.027794	10.750693
420536102	ORI	0.44241354	0.018872479	0.33676958	0.8309635
420536121	GYR	-0.22563815	1.5944715	-0.9853554
420536125	ACC	-3.1063347	-1.0988835	8.749227
420536111	ORI	0.44728222	0.010353113	0.33663416	0.8285583
420536130	GYR	-0.024052799	1.4759637	-0.5821847
420536135	ACC	-1.780004	-0.6320342	7.2098207
420536121	ORI	0.4497008	0.0018408442	0.33837023	0.82660234
420536140	GYR	0.14943278	1.0508019	-0.2865261
420536144	ACC	-0.398609	0.040707532	6.0989594
420536130	ORI	0.45042112	-0.005062124	0.34081432	0.8251914
420536149	GYR	0.27893612	0.44848922	-0.16068797
420536154	ACC	0.59733605	0.8379424	5.620139
420536140	ORI	0.45041108	-0.009354009	0.34311926	0.82420355
420536159	GYR	0.3204749	-0.2625573	-0.20467022
420536163	ACC	0.7744994	1.4125261	5.8810964
420536149	ORI	0.4506351	-0.010703988	0.3447199	0.8233964
420536168	GYR	0.26183188	-0.98337764	-0.35616466
420536173	ACC	0.056269735	1.4604081	7.3486786
420536159	ORI	0.4519912	-0.009174875	0.34501278	0.82254845
420536178	GYR	0.1298851	-1.6345594	-0.5235416
420536182	ACC	-0.8534878	1.2066336	9.745172
420536168	ORI	0.45504296	-0.005177573	0.34353644	0.821518
420536187	GYR	0.005268707	-2.1220293	-0.6518232
420536192	ACC	-1.9835025	0.83554834	13.422507
420536178	ORI	0.4599201	7.652174E-4	0.34004664	0.820269
420536197	GYR	-0.005726858	-2.3333886	-0.6787013
420536201	ACC	-2.8070722	0.2968761	17.111813
420536187	ORI	0.4662772	0.008075138	0.33482355	0.8187879
420536206	GYR	0.16898045	-2.0951514	-0.5382024
420536211	ACC	-2.7711608	0.7182375	18.99597
420536197	ORI	0.4733511	0.016073106	0.32880244	0.8170492
420536216	GYR	0.52939063	-1.3425661	-0.28896955
420536220	ACC	-1.4951063	2.1355438	17.877926
420536206	ORI	0.47976616	0.023700446	0.32366636	0.8151704
420536225	GYR	0.91790056	-0.39572582	-0.1411403
420536230	ACC	-0.38424444	4.220804	15.002612
420536216	ORI	0.48403537	0.029633952	0.32147232	0.8133186
420536234	GYR	1.1158208	0.17970876	-0.25231767
420536239	ACC	0.24061534	6.528715	12.158423
420536225	ORI	0.4858962	0.03315272	0.32304487	0.811448
420536244	GYR	1.0608429	0.21269546	-0.5858498
420536249	ACC	0.5159367	7.9460216	10.542406
420536234	ORI	0.4867815	0.0348565	0.32703307	0.8092454
420536253	GYR	0.85314894	-0.20147082	-1.0806502
420536258	ACC	-0.0730116	8.010662	10.429883
420536244	ORI	0.48842466	0.035866957	0.33129007	0.8064749
420536263	GYR	0.64178973	-0.9283998	-1.632872
420536268	ACC	-1.8111273	7.0506287	10.74351
420536253	ORI	0.49235955	0.037240416	0.3340773	0.8028621
420536272	GYR	0.5208385	-1.6895373	-2.0189383
420536277	ACC	-3.3194094	6.0690484	11.169661
420536263	ORI	0.49959895	0.03996646	0.33447513	0.79807895
420536282	GYR	0.41454807	-2.2747455	-2.114233
420536287	ACC	-3.819776	5.702751	11.512016
420536272	ORI	0.5097451	0.044516627	0.33263054	0.7921711
420536291	GYR	0.3082576	-2.5581868	-1.9798431
420536296	ACC	-4.035245	5.848791	11.085867
420536282	ORI	0.5213555	0.050708886	0.3289012	0.7857742
420536301	GYR	0.28626648	-2.6278253	-1.7208365
420536306	ACC	-4.052004	6.713061	9.754748
420536291	ORI	0.5329084	0.057837296	0.3239484	0.77956456
420536310	GYR	0.2997055	-2.6583686	-1.4471691
420536315	ACC	-3.573184	7.996298	8.236889
420536301	ORI	0.54345876	0.06552399	0.31865814	0.77383214
420536320	GYR	0.24472767	-2.6437078	-1.2504706
420536325	ACC	-2.5149922	9.011396	6.4054036
420536310	ORI	0.55274427	0.073760286	0.3133653	0.76865816
420536329	GYR	0.07612902	-2.3956969	-1.2003797
420536334	ACC	-1.7177576	9.643438	4.6505294
420536320	ORI	0.5609274	0.08213592	0.30798334	0.76404214
420536339	GYR	-0.19753838	-1.9546525	-1.2834574
420536344	ACC	-1.5717174	9.933125	3.1781585
420536329	ORI	0.56823975	0.08932974	0.30275276	0.7599109
420536348	GYR	-0.53107053	-1.4842867	-1.4337301
420536353	ACC	-2.048143	9.988188	2.0816612
420536339	ORI	0.57502604	0.09414942	0.2978702	0.7561444
420536358	GYR	-0.84138983	-1.1079941	-1.587668
420536363	ACC	-2.9124126	9.605132	1.3418846
420536348	ORI	0.58163714	0.096178435	0.29324657	0.75263166
420536367	GYR	-1.0515273	-0.9296216	-1.6927367
420536372	ACC	-4.451818	9.2939	1.0617751
420536358	ORI	0.58830494	0.095757276	0.28871903	0.7492457
420536377	GYR	-1.1407136	-1.0163643	-1.7012888
420536367	ORI	0.59517074	0.09388861	0.28404444	0.74583876
420536382	ACC	-6.1995106	9.061672	1.5358067
420536386	GYR	-1.1003965	-1.3816614	-1.5485727
420536391	ACC	-8.030996	8.4823	2.8190434
420536377	ORI	0.60223913	0.091923006	0.2788824	0.7423495
420536396	GYR	-0.8939242	-1.9131137	-1.2052667
420536401	ACC	-9.005394	7.716188	4.23635
420536386	ORI	0.60928756	0.09139952	0.2727924	0.7389175
420536410	ACC	-8.734861	7.481567	5.1221666
420536405	GYR	-0.50541425	-2.3749273	-0.69091856
420536396	ORI	0.61586595	0.09358881	0.26571086	0.73576355
420536415	GYR	-0.032604907	-2.580178	-0.103266686
420536420	ACC	-7.5449944	7.929263	5.469311
420536405	ORI	0.6211829	0.099035226	0.25830236	0.7332147
420536424	GYR	0.35834852	-2.484883	0.41596833
420536429	ACC	-5.7422376	8.008268	5.557893
420536415	ORI	0.6244742	0.10729078	0.25154728	0.73160416
420536434	GYR	0.61368996	-2.0890427	0.79592615
420536439	ACC	-4.1932554	7.7377353	5.5650754
420536424	ORI	0.62550914	0.1170835	0.24608397	0.73107624
420536443	GYR	0.75418884	-1.4769564	1.0378286
420536448	ACC	-3.2451925	8.216556	5.5650754
420536434	ORI	0.6244968	0.12683582	0.24232687	0.7315696
420536453	GYR	0.7957276	-0.79645306	1.1380104
420536458	ACC	-2.8908656	8.918026	5.8427906
420536443	ORI	0.62178916	0.1352557	0.24057576	0.73294437
420536462	GYR	0.7786234	-0.18314488	1.0781456
420536467	ACC	-2.895654	9.51655	6.4580736
420536453	ORI	0.6178183	0.14162745	0.24087606	0.7349973
420536472	GYR	0.77129304	0.3226511	0.92298603
420536477	ACC	-3.841323	9.619497	7.6886406
420536462	ORI	0.61328244	0.14578083	0.24296339	0.7372933
420536481	GYR	0.83726645	0.6855048	0.7372832
420536486	ACC	-5.2634177	8.958725	8.801896
420536472	ORI	0.60867906	0.1479644	0.2466026	0.73946166
420536491	GYR	1.0254128	0.9445114	0.6224406
420536496	ACC	-7.1020856	7.9005337	9.924729
420536481	ORI	0.6043614	0.14873876	0.2516192	0.74115574
420536500	GYR	1.2978585	1.1509837	0.68230534
420536505	ACC	-8.5720625	6.7322135	10.908703
420536491	ORI	0.60020685	0.14883097	0.25804654	0.74230254
420536510	GYR	1.5800779	1.293926	0.95719445
420536514	ACC	-9.091582	5.927797	11.550323
420536500	ORI	0.5956582	0.14882587	0.2658811	0.74320215
420536519	GYR	1.8305324	1.5187242	1.4055692
420536524	ACC	-8.469116	5.3963065	11.758608
420536510	ORI	0.590003	0.14927678	0.2747806	0.74438465
420536529	GYR	2.030896	1.818048	1.9077
420536533	ACC	-7.264884	5.5662875	11.497652
420536519	ORI	0.58241546	0.15013511	0.28470924	0.74645317
420536538	GYR	2.1811688	2.070946	2.3426359
420536543	ACC	-5.5004334	6.0546837	10.219203
420536529	ORI	0.57247734	0.15118757	0.29561043	0.7496843
420536548	GYR	2.2532508	2.323844	2.6480682
420536552	ACC	-3.522908	7.400167	8.028603
420536538	ORI	0.5603252	0.15244415	0.3072557	0.75391674
420536557	GYR	2.1322994	2.53276	2.739698
420536548	ORI	0.5462666	0.15356554	0.3195016	0.7589
420536562	ACC	-1.6172053	9.138283	6.223452
420536567	GYR	1.7706677	2.549864	2.5869818
420536557	ORI	0.53104925	0.15391706	0.33180386	0.7643314
420536571	ACC	0.008387752	10.5891075	5.59141
1584716692229	RSSWIFI	70:3a:0e:9b:3a:90	eduroam	5540	-47
1584716692229	RSSWIFI	70:3a:0e:9b:3a:91	LND_INTRA	5540	-47
1584716692229	RSSWIFI	f0:99:bf:0a:b5:ae	vokNet	2462	-53
1584716692229	RSSWIFI	70:3a:0e:9b:3a:80	eduroam	2437	-57
1584716692229	RSSWIFI	70:3a:0e:9b:3a:81	LND_INTRA	2437	-59
1584716692229	RSSWIFI	70:3a:0e:9b:3a:92	LU Guest	5540	-59
1584716692229	RSSWIFI	70:3a:0e:9b:3a:82	LU Guest	2437	-61
1584716692229	RSSWIFI	70:3a:0e:9b:55:a1	LND_INTRA	2437	-64
1584716692229	RSSWIFI	70:3a:0e:9b:55:a0	eduroam	2437	-64
1584716692229	RSSWIFI	70:3a:0e:9b:55:a2	LU Guest	2437	-64
1584716692229	RSSWIFI	b8:09:8a:ce:5e:21	trimac	2462	-65
1584716692229	RSSWIFI	70:3a:0e:9b:55:41	LND_INTRA	2412	-75
1584716692229	RSSWIFI	70:3a:0e:9b:39:72	LU Guest	5240	-76
1584716692229	RSSWIFI	7c:d1:c3:cc:29:70	CS-WiFi (använd ej)	2462	-76
1584716692229	RSSWIFI	70:3a:0e:9b:55:42	LU Guest	2412	-76
1584716692229	RSSWIFI	70:3a:0e:9b:55:40	eduroam	2412	-77
1584716692229	RSSWIFI	70:3a:0e:a9:81:a0	eduroam	2462	-78
1584716692229	RSSWIFI	70:3a:0e:a9:81:a1	LND_INTRA	2462	-78
1584716692229	RSSWIFI	70:3a:0e:a9:81:a2	LU Guest	2462	-78
1584716692229	RSSWIFI	70:3a:0e:9b:39:71	LND_INTRA	5240	-79
1584716692229	RSSWIFI	70:3a:0e:9b:3a:61	LND_INTRA	2462	-79
1584716692229	RSSWIFI	70:3a:0e:9b:39:61	LND_INTRA	2462	-80
1584716692229	RSSWIFI	70:3a:0e:9b:39:70	eduroam	5240	-81
1584716692229	RSSWIFI	f0:99:bf:0a:b5:af	vokNet 5GHz	5180	-81
1584716692229	RSSWIFI	70:73:cb:b6:5c:bd	TCnet	2462	-81
1584716692229	RSSWIFI	70:3a:0e:9b:39:21	LND_INTRA	2412	-81
1584716692229	RSSWIFI	70:3a:0e:9b:39:22	LU Guest	2412	-81
1584716692229	RSSWIFI	70:3a:0e:9b:39:20	eduroam	2412	-81
1584716692229	RSSWIFI	70:3a:0e:9b:3a:60	eduroam	2462	-81
1584716692229	RSSWIFI	70:3a:0e:9b:54:41	LND_INTRA	2462	-81
1584716692229	RSSWIFI	70:3a:0e:9b:3a:62	LU Guest	2462	-82
1584716692229	RSSWIFI	70:3a:0e:a7:8b:21	LND_INTRA	2462	-82
1584716692229	RSSWIFI	70:3a:0e:9b:39:60	eduroam	2462	-83
1584716692229	RSSWIFI	70:3a:0e:9b:39:62	LU Guest	2462	-83
1584716692229	RSSWIFI	70:3a:0e:9b:54:40	eduroam	2462	-85
1584716692229	RSSWIFI	f0:5c:19:b9:d5:61	LND_INTRA	2437	-86
1584716692229	RSSWIFI	70:3a:0e:9b:55:b1	LND_INTRA	5320	-86
1584716692229	RSSWIFI	70:3a:0e:9b:54:42	LU Guest	2462	-86
1584716692229	RSSWIFI	70:3a:0e:9b:55:b2	LU Guest	5320	-87
1584716692229	RSSWIFI	70:3a:0e:9b:55:b0	eduroam	5320	-88
1584716692229	RSSWIFI	70:3a:0e:9b:39:32	LU Guest	5580	-88
1584716692229	RSSWIFI	70:3a:0e:9b:3a:70	eduroam	5220	-89
1584716692229	RSSWIFI	70:3a:0e:9b:39:30	eduroam	5580	-89
1584716692229	RSSWIFI	70:3a:0e:9b:39:31	LND_INTRA	5580	-89
1584716692229	RSSWIFI	70:3a:0e:9b:3a:72	LU Guest	5220	-90
1584716692229	RSSWIFI	70:3a:0e:9b:3a:71	LND_INTRA	5220	-91
1584716692229	RSSWIFI	7c:d1:c3:cc:29:71	CS-WiFi	5240	-91
420536567	ORI	0.5160035	0.15319467	0.34298328	0.7698274
420536576	GYR	1.2660935	2.3788218	2.2119107
420536581	ACC	0.764923	11.302548	6.532291
420536586	GYR	0.7835103	2.1161501	1.6780148
420536590	ACC	-0.027523734	10.962586	8.675009
420536576	ORI	0.5025078	0.15135168	0.35212958	0.7749731
420536595	GYR	0.4609738	1.8009437	1.1257931
420536600	ACC	-1.9930788	9.392057	11.009255
420536586	ORI	0.49159446	0.14845385	0.3590969	0.7793239
420536605	GYR	0.3497964	1.5101721	0.7372832
420536609	ACC	-4.0113044	7.287645	12.522326
420536595	ORI	0.4836849	0.14492925	0.36427897	0.78252494
420536614	GYR	0.38889176	1.3818905	0.6554273
420536619	ACC	-5.088649	6.1001716	12.601331
420536605	ORI	0.4782552	0.14136925	0.3683657	0.7845976
420536624	GYR	0.4695259	1.4393119	0.86189955
420536628	ACC	-4.339296	5.8511853	11.203177
420536614	ORI	0.47379336	0.13804685	0.37212554	0.78612053
420536633	GYR	0.4353175	1.4991766	1.1514494
420536638	ACC	-2.5173864	5.8679442	9.831359
420536624	ORI	0.46859854	0.13496165	0.37609965	0.7878768
420536643	GYR	0.27893612	1.4222076	1.3163829
420536647	ACC	-0.13046998	5.4753118	8.402082
420536633	ORI	0.4620581	0.1321451	0.37993333	0.79037374
420536652	GYR	0.11644609	1.3134737	1.2907265
420536657	ACC	2.096042	5.0252213	6.857888
420536643	ORI	0.45482698	0.1296975	0.38292265	0.79352456
420536662	GYR	-0.04115701	1.1326578	1.045159
420536666	ACC	3.9083745	4.7690525	5.4812818
420536652	ORI	0.44765058	0.12741618	0.38505352	0.7969366
420536671	GYR	-0.2525162	0.8443296	0.611445
420536676	ACC	4.722368	3.9191475	5.012038
420536662	ORI	0.44149834	0.1251751	0.38634595	0.800092
420536681	GYR	-0.52251846	0.54011893	0.08365792
420536685	ACC	5.0551476	2.7029452	5.2873597
420536671	ORI	0.43736014	0.122907095	0.38650838	0.80263394
420536690	GYR	-0.8035162	0.25789943	-0.43191192
420536695	ACC	4.403953	1.3191562	6.431739
420536681	ORI	0.43588933	0.120314226	0.385259	0.80442554
420536700	GYR	-1.0454186	0.019662209	-0.8863953
420536704	ACC	3.360126	0.28011742	8.275195
420536690	ORI	0.43714687	0.117285825	0.38251403	0.8054997
420536709	GYR	-1.1956913	-0.10373246	-1.2284795
420536714	ACC	1.5741284	-1.0773367	10.429883
420536700	ORI	0.4409711	0.1137819	0.37841296	0.8058547
420536719	GYR	-1.2237911	-0.008437568	-1.4092954
420536723	ACC	-0.45606735	-2.4036672	12.117723
420536709	ORI	0.4467189	0.10973722	0.3734491	0.8055655
420536728	GYR	-1.1101702	0.39351138	-1.3494308
420536728	GPS	55.71056	13.21037	121.17438
420536733	ACC	-2.0912366	-2.9207926	12.409803
420536719	ORI	0.45343032	0.104802944	0.36843666	0.80478054
420536738	GYR	-0.8975894	1.0202587	-1.0439984
420536742	ACC	-2.5006278	-2.3581796	11.272606
420536728	ORI	0.45955962	0.09851644	0.3645134	0.80388397
420536747	GYR	-0.6874519	1.5773673	-0.6383842
420536752	ACC	-1.7129693	-1.209012	9.620678
420536738	ORI	0.463527	0.09070551	0.3626168	0.80338305
420536757	GYR	-0.53229225	1.8266001	-0.33906046
420536761	ACC	-0.74575335	-0.35192466	8.06212
420536747	ORI	0.46476084	0.08191325	0.36271638	0.8035698
420536766	GYR	-0.41500622	1.7789526	-0.19245294
420536771	ACC	0.21428025	0.61529124	6.687907
420536757	ORI	0.4640184	0.073105425	0.36401668	0.80426013
420536776	GYR	-0.33315036	1.4503074	-0.19367465
420536780	ACC	0.887022	1.5178665	6.0031953
420536766	ORI	0.46243516	0.065071166	0.36574262	0.80507874
420536785	GYR	-0.33315036	0.8589904	-0.33539528
420536790	ACC	0.54705995	1.7261529	6.407798
420536776	ORI	0.46108863	0.058548704	0.36718985	0.8056928
420536794	GYR	-0.40645412	0.10396154	-0.51132435
420536799	ACC	-0.20468703	1.704606	7.853833
420536785	ORI	0.46109226	0.0541016	0.36746848	0.8058746
420536804	GYR	-0.49075344	-0.6547324	-0.5797412
420536809	ACC	-0.8391232	1.6878475	10.580712
420536794	ORI	0.4631302	0.05205888	0.3658531	0.80557543
420536813	GYR	-0.49075344	-1.392657	-0.5540849
420536818	ACC	-1.1719029	1.2018453	14.159889
420536804	ORI	0.4669227	0.052569095	0.3621752	0.8050148
420536823	GYR	-0.28305945	-1.9314398	-0.44046402
420536828	ACC	-0.79842347	0.76133126	16.503712
420536813	ORI	0.47209865	0.0559118	0.35665217	0.8042363
420536832	GYR	0.1457676	-1.9021182	-0.22788309
420536837	ACC	-0.27651	0.9049772	16.494137
420536823	ORI	0.4779746	0.061943598	0.35035282	0.80309165
420536842	GYR	0.6503418	-1.3303488	0.042119123
420536847	ACC	0.68352365	1.9631689	14.47591
420536832	ORI	0.48299444	0.069199495	0.3454207	0.80163103
420536851	GYR	1.0193042	-0.54722023	0.273026
420536856	ACC	1.6172221	3.4283571	11.260636
420536842	ORI	0.48579985	0.07590328	0.3435844	0.80011684
420536861	GYR	1.151251	0.11617884	0.35732532
420536866	ACC	2.5964086	5.5160117	7.6646996
420536851	ORI	0.48597792	0.08093726	0.3450463	0.7988853
420536870	GYR	1.0193042	0.4436023	0.25470003
420536875	ACC	3.604324	7.802376	5.158078
420536880	GYR	0.64667666	0.24201696	-0.08127555
420536861	ORI	0.48423654	0.08397947	0.34881824	0.79799014
420536885	ACC	3.9945624	8.894085	4.760658
420536889	GYR	0.18119775	-0.5606593	-0.6652623
420536870	ORI	0.48182666	0.085399255	0.35328153	0.79733443
420536894	ACC	3.4247668	8.57567	6.000801
420536880	ORI	0.48065838	0.086263016	0.35634193	0.79658437
420536899	GYR	-0.15966477	-1.6577723	-1.3567611
420536904	ACC	1.054609	7.656336	8.071696
420536889	ORI	0.48306194	0.08815346	0.35614654	0.7950093
420536908	GYR	-0.29161155	-2.585065	-1.867444
420536913	ACC	-0.8654583	6.78249	9.491397
420536899	ORI	0.49022472	0.09218827	0.3523217	0.79186517
420536923	ACC	-1.7847923	6.1336894	10.003735
420536918	GYR	-0.3355938	-3.045657	-2.0665858
420536908	ORI	0.5012972	0.09834585	0.34589043	0.78701276
420536927	GYR	-0.38201952	-3.0297744	-2.0507033
420536932	ACC	-2.2707942	6.286911	9.735596
420536918	ORI	0.5141178	0.1056016	0.33812433	0.781155
420536937	GYR	-0.46265367	-2.6608121	-1.9541868
420536942	ACC	-2.5149922	6.7322135	8.493058
420536927	ORI	0.52689743	0.11258589	0.33008343	0.7750796
420536946	GYR	-0.6043743	-2.0682733	-1.8698875
420536951	ACC	-3.065635	7.2613096	6.4844093
420536937	ORI	0.5386284	0.11808866	0.3226029	0.7693256
420536956	GYR	-0.80595964	-1.384105	-1.8210183
420536961	ACC	-4.205226	8.070515	4.595465
420536946	ORI	0.54896754	0.121160306	0.31616798	0.7641941
420536965	GYR	-1.0063233	-0.8526526	-1.7904751
420536970	ACC	-5.507616	8.247678	2.8477728
420536956	ORI	0.5579458	0.121257864	0.3109535	0.75980324
420536975	GYR	-1.1321614	-0.6058633	-1.6866281
420536980	ACC	-6.6639657	8.0800905	1.1862682
420536965	ORI	0.56590146	0.11887946	0.3066601	0.756031
420536984	GYR	-1.1761436	-0.64984554	-1.4923731
420536989	ACC	-7.786798	7.9412336	-0.17597397
420536975	ORI	0.5730464	0.11532528	0.30272162	0.7527799
420536994	GYR	-1.1773654	-1.0505728	-1.1967145
420536999	ACC	-8.607974	8.137549	-1.025879
420536984	ORI	0.57947546	0.111984864	0.29856062	0.75001943
420537003	GYR	-1.1639264	-1.8043798	-0.78621346
420537008	ACC	-8.634309	8.788744	-0.94208556
420536994	ORI	0.5853342	0.11038409	0.29327825	0.74778813
420537013	GYR	-1.1651481	-2.7157898	-0.32562146
420537018	ACC	-7.2912197	9.274746	-0.15682118
420537003	ORI	0.590671	0.11199828	0.28585172	0.74622583
420537022	GYR	-1.2054652	-3.3950715	0.075105816
420537027	ACC	-5.318482	9.530915	1.3586434
420537013	ORI	0.59545463	0.11746803	0.27565762	0.74541795
420537032	GYR	-1.2873211	-3.5429008	0.30234748
420537037	ACC	-3.71683	9.729625	3.6928895
420537022	ORI	0.59953284	0.12585776	0.26305056	0.7453352
420537041	GYR	-1.3789508	-3.2716768	0.36343396
420537046	ACC	-2.443169	9.169406	6.7118483
420537032	ORI	0.6028573	0.13496044	0.2493482	0.7457709
420537051	GYR	-1.3594031	-2.6412644	0.35732532
420537056	ACC	-2.2827647	8.597217	9.120311
420537041	ORI	0.60559493	0.14299911	0.23578188	0.746467
420537060	GYR	-1.111392	-1.6479985	0.3854251
420537051	ORI	0.60769236	0.14886102	0.22375135	0.74731904
420537065	ACC	-3.3074389	9.044913	10.508889
420537070	GYR	-0.6911171	-0.58509386	0.5308109
420537074	ACC	-4.597858	9.846936	10.899127
420537060	ORI	0.6085775	0.15186605	0.21522842	0.7484964
420537079	GYR	-0.1816559	0.17848703	0.76538295
420537084	ACC	-5.2179303	10.608259	10.537619
420537070	ORI	0.6076058	0.15234682	0.21119966	0.7503335
420537089	GYR	0.3400226	0.56211007	0.9975115
420537093	ACC	-5.189201	11.316914	9.895999
420537079	ORI	0.60465515	0.15172099	0.21116231	0.7528502
420537098	GYR	0.77129304	0.70871764	1.1294583
420537103	ACC	-4.8085394	11.647298	9.524914
420537089	ORI	0.60004145	0.151434	0.2140473	0.7557789
420537108	GYR	1.0510691	0.7807997	1.1538929
420537112	ACC	-4.5619473	11.460559	10.097104
420537098	ORI	0.5943768	0.15201728	0.21887939	0.7587482
420537117	GYR	1.2037853	0.9225203	1.1209062
420537122	ACC	-5.172442	10.660931	11.574264
420537108	ORI	0.58825934	0.15319347	0.22489578	0.76151466
420537127	GYR	1.3296233	1.203518	1.1502277
420537131	ACC	-5.4956455	9.624285	13.168733
420537117	ORI	0.5820234	0.15423308	0.23176704	0.76403207
420537136	GYR	1.4884483	1.5969149	1.3188263
420537141	ACC	-5.476493	8.975484	14.047367
420537127	ORI	0.57546717	0.15450464	0.23965883	0.76650476
420537146	GYR	1.6448296	2.012303	1.5692809
420537150	ACC	-5.20596	8.635522	14.418452
420537136	ORI	0.56792563	0.15386187	0.24882157	0.769334
420537155	GYR	1.7914371	2.3482788	1.862496
420537160	ACC	-4.3081727	8.6546755	14.085672
420537146	ORI	0.5589271	0.1523693	0.2592788	0.7727604
420537165	GYR	1.923384	2.573077	2.143494
420537169	ACC	-3.0321176	9.339387	13.353078
420537155	ORI	0.5482866	0.15038095	0.27076787	0.7768218
420537174	GYR	1.9820269	2.7038019	2.3426359
420537179	ACC	-1.6483287	10.08874	12.024353
420537165	ORI	0.5360254	0.14832082	0.28296953	0.7814128
420537184	GYR	1.9465967	2.7673318	2.3817313
420537188	ACC	-0.13765225	10.644171	10.698023
420537174	ORI	0.52245665	0.14628604	0.295478	0.786341
420537193	GYR	1.7877719	2.658598	2.1960282
420537198	ACC	1.0450325	11.020044	10.087527
420537184	ORI	0.50824445	0.14407584	0.30792367	0.7912729
420537203	GYR	1.5202132	2.3812654	1.7757531
420537207	ACC	1.2652895	10.663324	10.154562
420537193	ORI	0.4945687	0.14171025	0.31956443	0.79573774
420537212	GYR	1.2257764	2.1405847	1.2162011
420537217	ACC	0.329197	9.313052	10.4418545
420537203	ORI	0.4827698	0.13918306	0.32972154	0.79927784
420537222	GYR	0.9936479	2.0636158	0.6933009
420537226	ACC	-1.4137069	7.6587296	10.006128
420537212	ORI	0.47358662	0.13599339	0.3384339	0.80167574
420537231	GYR	0.82016224	2.094159	0.36221224
420537236	ACC	-2.9626887	5.9062495	9.273534
420537222	ORI	0.4668251	0.13161895	0.34625834	0.80302924
420537241	GYR	0.67355466	2.1137066	0.28768674
420537245	ACC	-3.743165	4.5727367	8.710921
420537231	ORI	0.46160755	0.12603498	0.35361165	0.80373657
420537250	GYR	0.54649484	2.0746112	0.4061945
420537255	ACC	-3.814988	3.9478767	7.5952706
420537241	ORI	0.45693192	0.11978916	0.3604252	0.80433667
420537260	GYR	0.4487565	1.9878683	0.6224406
420537264	ACC	-2.9602947	3.6031265	5.9888306
420537250	ORI	0.45205292	0.1135456	0.36652824	0.8052407
420537269	GYR	0.35590506	1.7557398	0.8008131
420537274	ACC	-1.6124171	3.373293	4.346479
420537260	ORI	0.44649374	0.1077857	0.3719615	0.8066413
420537279	GYR	0.21174099	1.3000346	0.8570126
420537283	ACC	-0.17835194	2.9016554	3.386445
420537269	ORI	0.44050643	0.10308405	0.37649584	0.8084421
420537288	GYR	0.008933895	0.7123828	0.8020348
420537293	ACC	1.3634475	2.161879	3.1494293
420537279	ORI	0.43493232	0.100014806	0.37954032	0.8104197
420537298	GYR	-0.22930335	0.16382627	0.66397935
420537302	ACC	2.8310304	1.8674048	3.4798148
420537288	ORI	0.4305388	0.09877694	0.38059527	0.8124203
420537307	GYR	-0.49319687	-0.2784398	0.41352487
420537312	ACC	3.719241	2.0732975	4.3943605
420537298	ORI	0.42766252	0.09901437	0.37957647	0.8143848
420537317	GYR	-0.79374236	-0.61685884	0.026236638
420537321	ACC	4.013715	1.7883996	6.11093
420537307	ORI	0.42656487	0.10007496	0.37664923	0.8161879
420537326	GYR	-1.1003965	-0.84654397	-0.43924227
420537331	ACC	3.192539	0.48600993	8.868931
420537317	ORI	0.42765772	0.10121456	0.371957	0.8176261
420537340	ACC	1.2221959	-1.1036717	11.670027
420537335	GYR	-1.3105339	-0.8770872	-0.8705128
420537326	ORI	0.43120804	0.10182261	0.36564425	0.8185329
420537345	GYR	-1.3288599	-0.5582158	-1.1246325
420537350	ACC	-1.1096565	-2.034976	13.183097
420537335	ORI	0.436958	0.101293564	0.35834146	0.8187788
420537354	GYR	-1.1688133	0.058757547	-1.1331847
420537359	ACC	-3.1542168	-2.176228	13.40096
420537345	ORI	0.4436678	0.09888093	0.35145086	0.818452
420537364	GYR	-0.87681997	0.70871764	-0.9096081
420537369	ACC	-3.695283	-1.9655473	12.349951
420537354	ORI	0.44968915	0.094200365	0.346369	0.81788415
420537373	GYR	-0.49441865	1.1460968	-0.57607603
420537378	ACC	-2.6945496	-1.6327676	10.30539
420537364	ORI	0.45383227	0.08783156	0.34375823	0.81740576
420537383	GYR	-0.09735656	1.3195823	-0.291413
420537388	ACC	-1.2844256	-0.7996211	7.8059516
420537373	ORI	0.45574	0.08110057	0.34355393	0.81712574
420537392	GYR	0.22395828	1.1656444	-0.14724894
420537397	ACC	-0.31960377	0.45009843	5.7494206
420537383	ORI	0.45582527	0.07510461	0.3452966	0.8169167
420537402	GYR	0.4035525	0.5889881	-0.1374751
420537407	ACC	0.3220147	1.3598559	4.614618
420537392	ORI	0.45509627	0.07075616	0.3480989	0.81652194
420537411	GYR	0.39744386	-0.25644866	-0.21810925
420537416	ACC	0.82477546	2.037386	5.009644
420537402	ORI	0.45486355	0.06913435	0.350566	0.8157347
420537421	GYR	0.2288452	-1.153198	-0.35616466
420537426	ACC	0.86308104	2.2049727	7.516266
420537411	ORI	0.45612252	0.07069602	0.3513444	0.8145621
420537430	GYR	0.024816375	-1.9656482	-0.5333155
420537435	ACC	-0.19271654	1.4316788	12.012383
420537421	ORI	0.45936862	0.07517795	0.34957057	0.8130985
420537440	GYR	0.008933895	-2.6400425	-0.71046627
420537445	ACC	-1.1790853	0.21547675	16.716787
420537430	ORI	0.46483797	0.082062505	0.34509152	0.8112356
420537449	GYR	0.28748822	-2.8746147	-0.7630006
420537454	ACC	-1.6602992	-0.98636085	19.747715
420537440	ORI	0.4725259	0.09111029	0.33871272	0.80851215
420537459	GYR	0.77495825	-2.3138409	-0.6176148
420537464	ACC	-1.3227311	-1.2233766	19.584917
420537449	ORI	0.48113126	0.10146211	0.33239898	0.8048162
420537468	GYR	1.2807542	-1.0701205	-0.31829107
420537473	ACC	-0.20229295	0.033525236	16.142202
420537459	ORI	0.48836786	0.11091087	0.3287597	0.8006951
420537478	GYR	1.6032908	0.39351138	-0.055619232
420537483	ACC	0.83195776	2.377348	11.198389
420537468	ORI	0.49220428	0.11728032	0.3296786	0.79705226
420537487	GYR	1.5837431	1.4784071	-0.012858703
420537492	ACC	2.3210874	5.4920707	6.247393
420537478	ORI	0.49208516	0.11941003	0.3353715	0.79443026
420537497	GYR	1.1573596	1.8937951	-0.22788309
420537502	ACC	3.6617825	8.49427	3.4510858
420537487	ORI	0.48936635	0.11761521	0.3440082	0.7926825
420537506	GYR	0.4609738	1.4490857	-0.73612255
420537511	ACC	4.2004547	9.976217	3.4462974
420537497	ORI	0.48614535	0.11308033	0.35267678	0.79151416
420537516	GYR	-0.22808161	0.124730945	-1.5253597
420537521	ACC	3.2428153	9.633862	5.6704154
420537506	ORI	0.48526227	0.10789174	0.35834762	0.7902322
420537525	GYR	-0.69722575	-1.5881337	-2.3475835
420537530	ACC	0.9444804	8.262043	9.256775

